351608086029456
351608086029464
351608086029480
351608086029498
351608086029522
351608086029530
351608086029506
351608086029514
351608086029555
351608086029563
351608086029209
351608086029241
351608086029225
351608086029282
351608086029258
351608086029233
351608086029316
351608086029324
351608086029308
351608086029332
351608086029431
351608086029373
351608086029415
351608086029365
351608086029407
351608086029423
351608086029274
351608086029266
351608086026338
351608086029357
351608086029035
351608086028870
351608086029027
351608086028854
351608086029159
351608086029167
351608086029183
351608086029217
351608086029290
351608086029191
351608086043093
351608086042962
351608086043176
351608086043648
351608086043168
351608086043267
351608086043218
351608086043283
351608086043259
351608086042285
351608086041162
351608086043085
351608086037301
351608086037541
351608086037525
351608086037491
351608086037350
351608086037483
351608086053985
351608086037533
351608086037509
351608086037319
351608086037475
351608086037178
351608086037277
351608086037269
351608086037251
351608086037228
351608086037186
351608086039612
351608086037434
351608086037202
351608086037137
351608086037152
351608086037129
351608086037145
351608086037335
351608086037327
351608086037343
351608086037368
351608086023145
351608086023137
351608086022816
351608086023129
351608086022865
351608086022626
351608086022741
351608086035354
351608086022568
351608086022972
351608086022360
351608086022378
351608086022253
351608086022675
351608086022576
351608086022535
351608086022774
351608086023335
351608086023293
351608086023236
351608086022543
351608086023491
351608086023509
351608086030595
351608086023525
351608086039158
351608086023673
351608086024846
351608086021651
351608086023780
351608086022592
351608086023301
351608086022899
351608086022725
351608086023186
351608086022857
351608086023160
351608086022584
351608086022501
351608086022634
351608086025827
351608086025488
351608086025504
351608086025603
351608086025579
351608086025561
351608086025496
351608086025538
351608086025595
351608086025611
351608086025397
351608086025645
351608086044307
351608086025546
351608086025421
351608086025454
351608086025413
351608086025439
351608086025405
351608086025470
351608086025322
351608086025348
351608086025355
351608086025371
351608086025363
351608086025686
351608086025678
351608086025389
351608086041972
351608086025660
351608086025173
351608086025181
351608086025249
351608086025256
351608086025272
351608086025298
351608086025314
351608086025280
351608086025306
351608086025330
351608086024093
351608086024085
351608086024119
351608086024127
351608086024101
351608086024143
351608086024069
351608086024036
351608086024028
351608086048613
351608086024044
351608086023954
351608086023913
351608086023939
351608086023921
351608086023988
351608086023962
351608086023996
351608086024051
351608086024002
351608086023848
351608086023863
351608086023798
351608086023723
351608086023947
351608086023814
351608086023855
351608086023889
351608086023897
351608086023970
351608086023772
351608086023871
351608086023756
351608086027880
351608086023905
351608086023640
351608086023822
351608086023830
351608086023715
351608086023764
351608086039166
351608086038291
351608086040263
351608086038481
351608086038978
351608086039042
351608086040347
351608086040479
351608086040461
351608086040503
351608086039422
351608086040362
351608086040248
351608086040644
351608086040636
351608086040123
351608086040354
351608086038358
351608086038341
351608086038523
351608086039224
351608086040289
351608086039513
351608086038309
351608086040669
351608086041295
351608086040784
351608086040867
351608086039406
351608086039919
351608086039653
351608086029381
351608086040925
351608086039828
351608086038846
351608086039075
351608086039984
351608086040008
351608086040016
351608086040107
351608086033359
351608086033045
351608086033292
351608086033649
351608086033250
351608086032807
351608086033227
351608086033243
351608086033383
351608086033060
351608086034183
351608086034175
351608086033128
351608086033003
351608086032989
351608086032971
351608086032948
351608086033037
351608086032781
351608086032963
351608086032823
351608086032930
351608086032922
351608086032898
351608086032914
351608086032849
351608086032856
351608086032831
351608086033011
351608086032880
351608086032617
351608086032666
351608086032583
351608086032633
351608086032658
351608086032724
351608086032708
351608086032864
351608086032799
351608086032815
351608086033870
351608086034167
351608086033318
351608086034043
351608086034241
351608086033656
351608086033433
351608086034050
351608086033953
351608086033557
351608086033854
351608086033441
351608086034159
351608086034118
351608086033961
351608086034506
351608086034076
351608086043796
351608086033938
351608086033078
351608086033110
351608086033086
351608086033151
351608086033144
351608086033169
351608086033177
351608086033631
351608086033532
351608086033284
351608086033342
351608086033367
351608086033409
351608086034480
351608086033219
351608086033276
351608086033888
351608086034092
351608086034142
351608086034126
351608086054090
351608086046476
351608086047664
351608086047094
351608086050064
351608086049876
351608086049116
351608086048795
351608086049314
351608086044588
351608086048936
351608086048746
351608086047748
351608086050270
351608086047441
351608086048787
351608086050122
351608086050031
351608086048373
351608086045833
351608086048050
351608086049694
351608086046013
351608086048175
351608086049140
351608086049074
351608086050080
351608086049926
351608086049959
351608086049017
351608086047995