351608087084708
351608087081290
351608087062464
351608087063942
351608087064379
351608087077629
351608087060039
351608087081688
351608087083866
351608087075706
351608087065038
351608087065178
351608087083908
351608087065160
351608087065483
351608087064163
351608087064072
351608087070715
351608087064031
351608087065103
351608087063413
351608087071721
351608087070806
351608087064155
351608087064221
351608087064015
351608087063322
351608087078031
351608087059932
351608087063553
351608087077645
351608087069253
351608087069568
351608087069352
351608087069808
351608087079401
351608087079153
351608087069543
351608087069634
351608087073651
351608087067109
351608087066945
351608087070426
351608087072075
351608087074659
351608087061011
351608087071549
351608087071523
351608087060369
351608087072828
351608087071085
351608087060278
351608087060922
351608087061854
351608087059353
351608087071002
351608087063728
351608087070293
351608087061417
351608087063868
351608087059494
351608087080151
351608087070228
351608087061599
351608087059791
351608087060005
351608087059411
351608087061359
351608087061722
351608087061714
351608087060963
351608087061821
351608087059486
351608087071176
351608087072083
351608087070848
351608087071952
351608087068594
351608087059841
351608087061367
351608087059767
351608087076639
351608087071317
351608087080508
351608087059130
351608087059122
351608087082629
351608087060286
351608087063769
351608087059262
351608087071747
351608087084302
351608087061839
351608087063140
351608087072794
351608087059379
351608087059460
351608087061409
351608087060955
351608087059825
351608087073313
351608087059882
351608087080581
351608087059163
351608087082496
351608087070871
351608087080383
351608087080391
351608087061870
351608087070301
351608087060971
351608087080201
351608087059783
351608087079989
351608087059361
351608087059890
351608087060203
351608087061490
351608087059064
351608087059312
351608087061474
351608087059668
351608087082074
351608087080318
351608087075003
351608087071531
351608087059346
351608087077223
351608087063785
351608087070723
351608087059437
351608087071010
351608087061383
351608087061482
351608087060948
351608087070319
351608087058934
351608087059247
351608087068842
351608087063363
351608087059429
351608087071338
351608087072745
351608087071291
351608087060914
351608087059528
351608087059502
351608087061433
351608087059601
351608087061656
351608087080425
351608087063496
351608087071200
351608087059403
351608087071044
351608087060070
351608087061797
351608087063777
351608087070160
351608087059007
351608087063603
351608087070202
351608087061565
351608087076837
351608087064437
351608087070285
351608087059833
351608087080235
351608087080144