351608086035420
351608086035495
351608086044000
351608086036139
351608086038465
351608086036170
351608086035347
351608086035271
351608086035297
351608086035289
351608086035370
351608086035164
351608086035537
351608086042889
351608086035206
351608086035222
351608086035180
351608086035156
351608086035214
351608086034951
351608086032211
351608086031627
351608086031569
351608086031122
351608086030983
351608086031031
351608086030959
351608086030942
351608086030934
351608086032492
351608086031825
351608086030603
351608086030488
351608086030504
351608086034217
351608086031536
351608086032872
351608086031510
351608086031528
351608086031270
351608086031262
351608086031247
351608086030546
351608086030520
351608086030454
351608086030470
351608086030462
351608086030538
351608086030637
351608086031064
351608086031148
351608086030751
351608086030926
351608086030777
351608086031593
351608086030736
351608086030553
351608086031114
351608086030512
351608086027443
351608086026429
351608086026411
351608086026387
351608086026437
351608086027161
351608086030371
351608086026510
351608086026593
351608086026452
351608086026536
351608086026718
351608086026551
351608086026528
351608086026502
351608086027617
351608086027302
351608086026478
351608086026460
351608086026445
351608086026239
351608086026312
351608086026288
351608086026304
351608086026320
351608086026338
351608086026361
351608086026346
351608086026221
351608086026379
351608086026205
351608086026171
351608086026163
351608086026213
351608086026155
351608086026080
351608086026254
351608086027153
351608086026395
351608086026262
351608086037830
351608086037640
351608086037632
351608086043465
351608086041329
351608086038028
351608086038135
351608086038051
351608086037921
351608086041352
351608086037814
351608086038838
351608086039364
351608086041436
351608086041451
351608086037707
351608086037863
351608086037681
351608086037665
351608086037806
351608086037889
351608086037731
351608086042855
351608086043937
351608086041311
351608086041642
351608086041741
351608086042863
351608086041006
351608086038184
351608086041774
351608086038416
351608086039448
351608086038499
351608086042517
351608086037749
351608086037699
351608086037673
351608086037657
351608086037715
351608086044083
351608086043028
351608086042400
351608086042368
351608086039836
351608086039802
351608086042244
351608086042210
351608086042236
351608086042228
351608086043705
351608086043895
351608086041683
351608086041675
351608086043291
351608086043143
351608086042913
351608086042947
351608086043754
351608086043457
351608086044323
351608086042525
351608086043135
351608086043036
351608086042640
351608086042202
351608086042574
351608086042632
351608086043002
351608086043226
351608086041709
351608086043317
351608086043499
351608086042665
351608086041725
351608086041758
351608086041659
351608086044158
351608086043838
351608086043978
351608086039174
351608086040735
351608086040743
351608086040834
351608086040412
351608086040453
351608086040495
351608086040750
351608086040586
351608086040230
351608086042129
351608086041584
351608086042616
351608086043655
351608086043242
351608086041063
351608086041097
351608086041022
351608086042111
351608086040446
351608086041246
351608086039091
351608086040180
351608086040156
351608086039950
351608086040099
351608086040420
351608086040438
351608086040800
351608086040875
351608086040727
351608086039679
351608086040909
351608086040776
351608086041089
351608086040628
351608086039109
351608086041279
351608086040594
351608086040404
351608086048001
351608086047946
351608086048449
351608086048282
351608086036501
351608086046021
351608086046708
351608086045676
351608086047912
351608086047607
351608086047433
351608086047037
351608086024291
351608086040693
351608086027575
351608086035255
351608086023467
351608086049538
351608086047219
351608086023434
351608086047169
351608086045130
351608086046096
351608086045163
351608086046617
351608086047854
351608086046666
351608086046807
351608086046328
351608086050296
351608086047920
351608086049751
351608086047482
351608086050213
351608086047680
351608086047466
351608086045916
351608086050353
351608086046427
351608086047870
351608086023731
351608086047078
351608086044927
351608086046849
351608086049785
351608086047672
351608086047649
351608086047953
351608086047904
351608086048258
351608086049058
351608086047573
351608086047821
351608086046526
351608086045239
351608086047375
351608086046146
351608086048696
351608086048365
351608086044604
351608086044497
351608086046740
351608086048183
351608086048191
351608086046344
351608086045999
351608086047888
351608086047086
351608086047326
351608086046757
351608086044984
351608086044653
351608086048241
351608086048134
351608086048142
351608086046351
351608086048589
351608086044760
351608086046401
351608086049942
351608086050379