351608086050643
351608086050437
351608086050718
351608086076352
351608086000001
351608086027831
351608086054272
351608086054306
351608086046989
351608086021297
351608086029845
351608086029886
351608086021891
351608086029951
351608086047763
351608086047789
351608086029969
351608086033508
351608086023616
351608086023624
351608086023574
351608086023590
351608086027948
351608086033466
351608086032534
351608086027641
351608086028516
351608086042392
351608086042343
351608086042186
351608086042608
351608086042533
351608086042657
351608086040990
351608086041543
351608086041600
351608086041618
351608086042590
351608086042442
351608086042350
351608086042731
351608086042335
351608086042558
351608086042541
351608086042566
351608086041816
351608086042152
351608086042194
351608086042038
351608086043721
351608086044059
351608086043911
351608086041808
351608086044133
351608086043747
351608086042673
351608086042715
351608086042483
351608086042178
351608086041790
351608086043846
351608086041832
351608086042160
351608086041782
351608086054082
351608086053944
351608086053951
351608086054009
351608086054066
351608086021669
351608086021339
351608086053803
351608086053902
351608086053894
351608086054058
351608086053969
351608086054025
351608086053878
351608086053860
351608086053910
351608086053928
351608086024614
351608086027187
351608086025025
351608086026916
351608086023632
351608086025512
351608086024739
351608086024077
351608086023608
351608086023483
351608086025892
351608086029449
351608086025199
351608086025223
351608086024531
351608086024382
351608086029779
351608086025876
351608086026783
351608086025629
351608086035594
351608086023665
351608086031239
351608086031650
351608086032104
351608086035651
351608086037442
351608086031734
351608086023517
351608086023657
351608086033201
351608086045031
351608086047383
351608086028599
351608086028615
351608086028847
351608086028425
351608086028706
351608086028441
351608086028433
351608086028748
351608086028557
351608086028540
351608086028482
351608086028573
351608086028565
351608086028417
351608086030041
351608086029993
351608086028391
351608086028359
351608086028318
351608086028268
351608086032302
351608086028276
351608086030256
351608086031213
351608086028334
351608086028326
351608086028300
351608086028342
351608086028292
351608086028250
351608086029936
351608086029829
351608086029647
351608086028656
351608086028946
351608086032328
351608086030280
351608086029092
351608086028904
351608086028631
351608086044117
351608086035461
351608086035610
351608086035552
351608086036162
351608086043010
351608086035305
351608086035172
351608086036105
351608086036048
351608086044299
351608087072190
351608087072794
351608087062506
351608087063108
351608087060286
351608087072349
351608087072174
351608087072141
351608087060286
351608087059965
351608087072489
351608087072216
351608087060146
351608087072083
351608087060336
351608087072075
351608086027690
351608086027914
351608086027534
351608086029613
351608086029696
351608086029688
351608086029670
351608086029571
351608086029597
351608086029662
351608086029654
351608086029639
351608086029621
351608086030058
351608086030223
351608086030082
351608086030108
351608086030215
351608086030116
351608086030124
351608086030132
351608086030140
351608086030017
351608086029746
351608086029738
351608086029787
351608086030074
351608086030173
351608086029720
351608086029704
351608086029712
351608086029753
351608086029761
351608086029977
351608086029803
351608086029795
351608086029878
351608086029811
351608086029902
351608086030025
351608086030181
351608086030199
351608086030066
351608086044620
351608086049991
351608086047706
351608086047755
351608086044471
351608086050320
351608086049579
351608086049082
351608086048399
351608086050171
351608086046732
351608086045874
351608086046385
351608086048514
351608086050205
351608086044885
351608086046336
351608086049710
351608086048605
351608086045684
351608086048530
351608086047516
351608086048654
351608086046120
351608086045338
351608086049223
351608086045841
351608086049736
351608086046088
351608086049330
351608086049306
351608086049520
351608086045528
351608086045106
351608086049975
351608086049892
351608086045155
351608086044950
351608086046203
351608086049348
351608086027468
351608086027666
351608086027526
351608086027807
351608086027476
351608086027401
351608086027377
351608086027419
351608086027674
351608086027625
351608086027609
351608086027591
351608086027542
351608086027864
351608086027906
351608086027849
351608086027799
351608086027765
351608086027815
351608086027724
351608086023616
351608086044299
351608086036048
351608086036105
351608086035172
351608086035305
351608086043010
351608086036162
351608086035552
351608086035610
351608086035461
351608086044117
351608086028631
351608086028904
351608086029092
351608086030280
351608086032328
351608086028946
351608086028656
351608086029647
351608086029829
351608086029936
351608086028250
351608086028292
351608086028342
351608086028300
351608086028326
351608086028334
351608086031213
351608086030256
351608086028276
351608086032302
351608086028268
351608086028318
351608086028359
351608086028391
351608086029993
351608086030041
351608086028417
351608086028565
351608086028573
351608086028482
351608086028540
351608086028557
351608086028748
351608086028433
351608086028441
351608086028706
351608086028425
351608086028847
351608086028615
351608086028599
351608086047383
351608086045031
351608086033508
351608086025876
351608086025629
351608086023632
351608086023517
351608086033201
351608086041832
351608086054009
351608086024739
351608086023624
351608086023657
351608086031734
351608086037442
351608086035651
351608086032104
351608086031650
351608086031239
351608086023665
351608086035594
351608086026783
351608086029779
351608086024382
351608086024531
351608086025223
351608086025199
351608086029449
351608086025892
351608086023483
351608086023608
351608086024077
351608086025512
351608086026916
351608086025025
351608086027187
351608086024614
351608086053928
351608086053910
351608086053860
351608086053878
351608086054025
351608086053969
351608086054058
351608086053894
351608086053902
351608086053803
351608086021339
351608086021669
351608086054066
351608086053951
351608086053944
351608086054082
351608086041782
351608086042160
351608086043846
351608086041790
351608086042178
351608086042483
351608086042715
351608086042673
351608086043747
351608086044133
351608086043911
351608086044059
351608086043721
351608086042038
351608086042194
351608086042152
351608086041816
351608086042566
351608086042541
351608086042558
351608086042335
351608086042731
351608086042350
351608086042442
351608086042590
351608086041618
351608086041600
351608086041543
351608086040990
351608086042657
351608086042533
351608086042608
351608086042186
351608086042343
351608086042392
351608086028516
351608086027641
351608086032534
351608086033466
351608086027948
351608086023590
351608086023574
351608086036592
351608086036253
351608086037004
351608086036337
351608086036618
351608086037103
351608086021925
351608086036816
351608086036683
351608086036725
351608086033789
351608086033581
351608086034423
351608086034027
351608086033912
351608086033565
351608086033516
351608086035230
351608086033805
351608086035339
351608086043325
351608086043853
351608086043770
351608086043309
351608086043341
351608086043572
351608086043762
351608086042996
351608086043507
351608086041055
351608086043077
351608086043580
351608086044224
351608086043788
351608086043598
351608086042848
351608086042822
351608086041949
351608086044240
351608086043523
351608086043101
351608086043119
351608086043184
351608086043556
351608086043739
351608086043192
351608086042921
351608086043150
351608086043200
351608086042939
351608086043986
351608086043333
351608086044141
351608086044190
351608086043549
351608086042137
351608086042103
351608086043390
351608086041071
351608086043382
351608086021438
351608086020968
351608086021214
351608086021594
351608086021453
351608086021446
351608086021545
351608086021826
351608086021768
351608086021610